1158995160
890599704
1500794843
834027154
1857877755
1990552682
1229164679
279132086
1567156681
1005661688
942897552
39984817
1412381995
699166967
375957911
1161161237
1414744771
215511564
232328530
1147554517
1479565200
647286409
319608635
1816441534
543067391
2095705857
1566467275
1849337151
654840279
2129676648
870082901
1074430873
52975109
1708666525
1422540488
172550059
790925889
1695753954
2034054925
108440485
1148402604
1272381067
1963087602
1293134787
572867283
1002094179
1585815990
1193486730
852240090
1312729277
1006608688
1053769165
1947917936
2019046560
1737150818
823961110
1592292703
501892826
701848153
1186062279
1573473520
119187006
49718723
982943090
362136282
570256012
1586284235
1245789922
1685645361
2123521776
311712807
2115863158
119348238
1690528578
521355759
354394348
1375209117
1556895936
1468656420
1405146995
2104054858
1327406621
1536699800
419753234
351942730
173106419
9947066
178685448
1247416506
40000271
219740580
939388147
1993354297
2140943116
749359233
332312281
760324852
487120540
1234784766
1221119205
